
Descriptive statistics
===============================================
Statistic      N    Mean   St. Dev.  Min   Max 
-----------------------------------------------
Year         3,066 2,010.8   6.0    2,001 2,021
Pick         3,066  103.1    66.7     1    257 
Rnd          3,066   3.6     1.9      1     7  
DrAge        3,066  22.4     0.9     20    29  
AP1          3,066   0.1     0.5      0     6  
PB           3,066   0.4     1.2      0    13  
St           3,066   2.4     3.1      0    19  
wAV          3,066  18.5     21.7    -4    167 
G            3,066  62.8     49.3     1    287 
GS           3,066  37.5     45.5     0    286 
Rk           3,066  99.3     58.0     1    200 
Age          3,066  21.9     1.0     19    28  
AV           3,065  21.2     27.1    -4    277 
Height       3,066   6.1     0.5     5.1   6.9 
Wt           3,066  245.4    45.3    155   375 
X40YD        2,928   4.7     0.3     4.2   5.6 
Vertical     2,416  33.5     4.1    20.5  46.0 
BenchReps    2,143  21.6     6.6      2    49  
Broad.Jump   2,381  115.7    9.2     83    147 
X3Cone       1,975   7.2     0.4     6.4   8.7 
Shuttle      2,012   4.4     0.3     3.7   5.2 
CareerLength 3,066   5.3     3.4      1    20  
SEC          3,066   0.2     0.4      0     1  
BIG10        3,066   0.2     0.4      0     1  
BIG12        3,066   0.1     0.3      0     1  
PAC12        3,066   0.1     0.3      0     1  
ACC          3,066   0.1     0.4      0     1  
From         3,066 2,010.9   6.0    2,001 2,021
To           3,066 2,015.2   5.5    2,001 2,021
AA           3,066   0.1     0.3      0     1  
QB           3,066   0.1     0.2      0     1  
Skill        3,066   0.3     0.4      0     1  
OL           3,066   0.2     0.4      0     1  
DL           3,066   0.2     0.4      0     1  
LB           3,066   0.1     0.3      0     1  
DB           3,066   0.2     0.4      0     1  
K            3,066  0.01     0.1      0     1  
-----------------------------------------------
